0.244948 0.076194 0.966538 0.250202 0.96417 -0.123872 -0.234584 0.444379 0.101854 0.989368 -0.103804 0.632892 0 0 0 1
0.12073 -0.058858 0.99094 0.325769 0.98973 0.084132 -0.115588 0.378392 -0.076568 0.994716 0.06841 0.547474 0 0 0 1
0.200694 -0.096792 0.974862 0.35789 0.96668 -0.141868 -0.213096 0.445305 0.158926 0.985144 0.065094 0.579761 0 0 0 1
0.245294 -0.107032 0.963518 0.224766 0.961376 0.154818 -0.227546 0.308916 -0.12481 0.982122 0.14088 0.649845 0 0 0 1
0.094376 -0.022428 0.995288 0.293867 0.994788 -0.036698 -0.095158 0.332285 0.038656 0.999078 0.018846 0.578827 0 0 0 1
0.048974 -0.005662 0.998784 0.362402 0.996282 0.071238 -0.048446 0.414841 -0.070876 0.997442 0.009128 0.558033 0 0 0 1
0.076944 -0.036238 0.996374 0.37287 0.994354 0.076012 -0.074022 0.32678 -0.07305 0.996446 0.041884 0.614404 0 0 0 1
0.056424 -0.168224 0.984132 0.313852 0.998376 0.001766 -0.05694 0.285357 0.00784 0.985748 0.16805 0.490107 0 0 0 1
0.044272 -0.137864 0.989462 0.321663 0.989648 -0.129298 -0.062298 0.440049 0.136522 0.981978 0.13071 0.505084 0 0 0 1
0.121614 -0.063416 0.990552 0.215191 0.992564 0.002084 -0.121728 0.425499 0.005652 0.997988 0.063198 0.55624 0 0 0 1
0.057668 -0.071312 0.995782 0.354929 0.987204 -0.144428 -0.06751 0.406248 0.148638 0.986938 0.062076 0.509434 0 0 0 1
0.258878 0.01541 0.96579 0.358686 0.963378 -0.076518 -0.257014 0.291866 0.069938 0.996954 -0.034656 0.540616 0 0 0 1
0.269478 0.112356 0.956434 0.351916 0.95884 0.061004 -0.277326 0.442049 -0.08951 0.991798 -0.091294 0.522514 0 0 0 1
0.180152 0.126108 0.975522 0.396411 0.98194 -0.081346 -0.170822 0.425393 0.057814 0.988678 -0.138486 0.541211 0 0 0 1
0.10014 -0.06674 0.992732 0.26002 0.992944 -0.056978 -0.103994 0.465587 0.063504 0.996142 0.060562 0.547235 0 0 0 1
0.067618 0.163068 0.984294 0.300418 0.990216 0.109728 -0.086204 0.450585 -0.122062 0.980496 -0.154054 0.579656 0 0 0 1
0.28143 0.001454 0.959582 0.236831 0.954042 -0.10773 -0.279644 0.347253 0.10297 0.99418 -0.031708 0.539738 0 0 0 1
0.337358 -0.148762 0.929544 0.392477 0.941358 0.047798 -0.333992 0.405702 0.00526 0.987712 0.156168 0.650171 0 0 0 1
0.24833 0.024646 0.968358 0.241167 0.964522 -0.09874 -0.244828 0.358898 0.089586 0.994804 -0.04829 0.509303 0 0 0 1
0.298616 0.03515 0.953722 0.366819 0.94731 0.110404 -0.300674 0.406136 -0.115862 0.993262 -0.000328 0.477927 0 0 0 1
0.126478 -0.103278 0.98658 0.323116 0.98113 0.159654 -0.109068 0.460113 -0.146248 0.981756 0.12152 0.462396 0 0 0 1
0.295438 -0.146946 0.94399 0.399026 0.949122 -0.06756 -0.307558 0.398984 0.108974 0.98683 0.119514 0.584602 0 0 0 1
0.122336 0.060344 0.990656 0.200312 0.982656 0.132808 -0.12944 0.31982 -0.13938 0.989308 -0.043052 0.553696 0 0 0 1
0.311556 -0.157376 0.937104 0.361504 0.950184 0.061182 -0.30563 0.424889 -0.009236 0.985642 0.168598 0.567273 0 0 0 1
0.319712 -0.20162 0.925816 0.211073 0.930616 -0.116902 -0.346828 0.331401 0.178156 0.972464 0.150254 0.627929 0 0 0 1
0.355888 0.115788 0.92733 0.36478 0.92504 -0.184714 -0.331948 0.271726 0.132854 0.975952 -0.172846 0.453584 0 0 0 1
0.31921 0.037966 0.946926 0.35471 0.94107 0.105164 -0.321456 0.338535 -0.11179 0.993732 -0.002162 0.63512 0 0 0 1
0.19233 -0.071942 0.978694 0.217398 0.98089 -0.015886 -0.193934 0.38097 0.029494 0.997286 0.067508 0.587473 0 0 0 1
0.124578 0.00773 0.992178 0.392683 0.989942 0.066588 -0.124814 0.45346 -0.06703 0.99775 0.000646 0.568604 0 0 0 1
0.167466 0.10119 0.980668 0.390776 0.972934 0.143672 -0.180966 0.40358 -0.159204 0.984434 -0.07439 0.619978 0 0 0 1
0.09183 0.076612 0.992818 0.401656 0.981824 -0.17324 -0.07744 0.400477 0.16607 0.981888 -0.091122 0.634017 0 0 0 1
0.212966 0.06197 0.975084 0.227983 0.970486 0.102104 -0.21844 0.455712 -0.113088 0.992832 -0.03839 0.628037 0 0 0 1
0.295078 0.022672 0.955206 0.250307 0.95424 -0.057814 -0.29341 0.328177 0.04857 0.998074 -0.038696 0.590762 0 0 0 1
0.302086 -0.042764 0.952328 0.334387 0.94234 0.164352 -0.291546 0.392728 -0.144056 0.985482 0.089942 0.496808 0 0 0 1
0.04811 0.000878 0.998846 0.223768 0.995934 0.076248 -0.04804 0.398595 -0.076206 0.997092 0.00279 0.593862 0 0 0 1
0.174334 -0.06051 0.982828 0.364799 0.972122 -0.148378 -0.181574 0.348867 0.156812 0.987082 0.032952 0.520182 0 0 0 1
0.377556 -0.029182 0.925526 0.249209 0.92475 0.063488 -0.375232 0.403714 -0.047806 0.997552 0.05096 0.617182 0 0 0 1
0.216774 0.043468 0.975252 0.227205 0.976212 -0.005294 -0.216752 0.348624 -0.00426 0.99904 -0.04358 0.592482 0 0 0 1
0.36464 0.027974 0.930726 0.332885 0.93083 0.015112 -0.365132 0.405733 -0.024278 0.999492 -0.020528 0.586927 0 0 0 1
0.31632 -0.077024 0.945526 0.269282 0.947684 -0.019468 -0.318632 0.405481 0.042946 0.996844 0.066832 0.597096 0 0 0 1
