-0.383438 0.909039 0.163165 0.217122 -0.919777 -0.391844 0.0215974 0.131643 0.0835682 -0.141794 0.986362 -0.558811 0 0 0 1
-0.492018 0.867864 -0.068765 0.101305 -0.86598 -0.496 -0.0637392 0.125 -0.0894246 0.028188 0.995595 -0.485595 0 0 0 1
-0.411354 0.910655 0.038684 0.1213 -0.900625 -0.41262 0.136455 0.20654 0.140225 0.0212914 0.989891 -0.511008 0 0 0 1
-0.375559 0.915034 -0.147206 0.136169 -0.91599 -0.390655 -0.0913996 -0.00123613 -0.14114 0.100514 0.984874 -0.592354 0 0 0 1
-0.517676 0.855079 0.0291584 0.104811 -0.855201 -0.518157 0.0119518 0.0741729 0.0253284 -0.0187492 0.999503 -0.509948 0 0 0 1
-0.555437 0.831299 -0.0207838 0.0953653 -0.827473 -0.555009 -0.0851688 0.179525 -0.0823358 -0.030108 0.99615 -0.493377 0 0 0 1
-0.532113 0.845269 -0.0487058 0.032351 -0.842563 -0.534315 -0.0677594 0.111933 -0.0832994 0.0049818 0.996512 -0.549686 0 0 0 1
-0.544304 0.832107 -0.106459 0.0522712 -0.838817 -0.541515 0.0561062 0.0589994 -0.0109628 0.119839 0.992733 -0.429282 0 0 0 1
-0.547347 0.836853 -0.0093688 0.145488 -0.828147 -0.539969 0.150357 0.190515 0.120768 0.0900564 0.988587 -0.441184 0 0 0 1
-0.492282 0.870048 -0.026027 0.221177 -0.870356 -0.492426 0.001006 0.102092 -0.0119411 0.0231479 0.999661 -0.492674 0 0 0 1
-0.537654 0.84145 0.0537262 0.102361 -0.832578 -0.539891 0.123807 0.181218 0.133183 0.0218342 0.990851 -0.440777 0 0 0 1
-0.367265 0.92556 0.0919493 0.0341894 -0.928352 -0.370858 0.0250086 0.0706267 0.0572471 -0.0761766 0.99545 -0.466843 0 0 0 1
-0.360724 0.928346 0.089753 0.129152 -0.926826 -0.346037 -0.145794 0.179369 -0.104289 -0.135776 0.985235 -0.454257 0 0 0 1
-0.445323 0.877099 0.179954 0.0884053 -0.894201 -0.445933 -0.0393454 0.203958 0.0457376 -0.178436 0.982888 -0.465927 0 0 0 1
-0.508985 0.860751 0.00654884 0.210532 -0.859537 -0.508646 0.0497525 0.165431 0.0461556 0.0196943 0.99874 -0.482188 0 0 0 1
-0.543624 0.834451 0.0903644 0.173516 -0.828825 -0.516719 -0.214601 0.161892 -0.13238 -0.191559 0.972513 -0.511108 0 0 0 1
-0.343162 0.934168 0.0978399 0.166961 -0.935536 -0.349224 0.0530725 0.0451844 0.0837465 -0.0733203 0.993786 -0.467084 0 0 0 1
-0.286569 0.951801 -0.109328 0.0610482 -0.957955 -0.286353 0.0180118 0.178005 -0.0141628 0.109893 0.993843 -0.589067 0 0 0 1
-0.376077 0.920062 0.109804 0.171266 -0.923914 -0.381349 0.0309832 0.058449 0.0703798 -0.0897972 0.99347 -0.436572 0 0 0 1
-0.326206 0.945297 0.0007516 0.0918829 -0.935927 -0.32286 -0.140715 0.158758 -0.132775 -0.0466056 0.99005 -0.413845 0 0 0 1
-0.479406 0.865131 -0.147376 0.149715 -0.862697 -0.495386 -0.101723 0.189933 -0.161012 0.0783741 0.983836 -0.406911 0 0 0 1
-0.323014 0.945461 -0.042001 0.0561503 -0.942359 -0.317227 0.106413 0.184652 0.0872854 0.0739529 0.993435 -0.51822 0 0 0 1
-0.491876 0.870649 -0.0051628 0.171623 -0.857307 -0.485357 -0.171614 -0.00424886 -0.151921 -0.0799868 0.985151 -0.488223 0 0 0 1
-0.310442 0.942323 -0.125108 0.0980696 -0.950117 -0.311749 0.0094922 0.177819 -0.0300574 0.121814 0.992098 -0.508011 0 0 0 1
-0.291628 0.954767 -0.0580574 0.166684 -0.943625 -0.277226 0.18088 0.0191985 0.156603 0.107534 0.98179 -0.562001 0 0 0 1
-0.269272 0.932522 0.240614 0.0303132 -0.955954 -0.289109 0.0506562 0.0569245 0.116802 -0.216375 0.969298 -0.372505 0 0 0 1
-0.309634 0.95085 0.003052 0.0585769 -0.942162 -0.306368 -0.135897 0.0922594 -0.128283 -0.044954 0.990718 -0.56942 0 0 0 1
-0.429052 0.903048 -0.0204616 0.193112 -0.903232 -0.428683 0.0201009 0.0637681 0.0093805 0.0271059 0.999589 -0.522171 0 0 0 1
-0.491679 0.870767 -0.0044064 0.0947482 -0.866989 -0.490005 -0.090709 0.224185 -0.0811452 -0.0407794 0.995868 -0.502996 0 0 0 1
-0.452577 0.891349 0.0258224 0.0680218 -0.875559 -0.438698 -0.202331 0.171346 -0.16902 -0.11418 0.978977 -0.554417 0 0 0 1
-0.514984 0.835887 0.189963 0.0677177 -0.842961 -0.534063 0.064777 0.19685 0.155598 -0.126772 0.979652 -0.557712 0 0 0 1
-0.412886 0.910572 0.0195898 0.230372 -0.901696 -0.405642 -0.149659 0.118239 -0.128329 -0.0794564 0.988544 -0.564273 0 0 0 1
-0.334504 0.938461 0.086004 0.142916 -0.941823 -0.336081 0.0041314 0.0320058 0.0327816 -0.0796186 0.996286 -0.51856 0 0 0 1
-0.317963 0.943455 -0.093774 0.10435 -0.934357 -0.328598 -0.137853 0.128558 -0.160872 0.0437864 0.986004 -0.43856 0 0 0 1
-0.556755 0.830382 -0.022095 0.197414 -0.82565 -0.556112 -0.0950758 0.0836471 -0.0912366 -0.0346914 0.995225 -0.529604 0 0 0 1
-0.435966 0.897259 0.069735 0.0614807 -0.888941 -0.441422 0.122206 0.132983 0.140433 -0.0087126 0.990052 -0.448595 0 0 0 1
-0.249361 0.968152 -0.022352 0.182155 -0.965924 -0.250308 -0.0658536 0.0846892 -0.0693512 0.0051688 0.997579 -0.553657 0 0 0 1
-0.411354 0.908976 0.0674356 0.171443 -0.911252 -0.408491 -0.0524697 0.0365827 -0.0201468 -0.0830347 0.996343 -0.522314 0 0 0 1
-0.265101 0.962768 0.0529221 0.120789 -0.963292 -0.262038 -0.0583462 0.136736 -0.0423063 -0.066447 0.996893 -0.518712 0 0 0 1
-0.308889 0.95099 -0.0143078 0.166884 -0.950874 -0.308456 0.0263101 0.10799 0.0206073 0.0217319 0.999551 -0.531226 0 0 0 1
